positive/1613381695.9371815.jpg 1 432 221 187 290
positive/1613381697.2091024.jpg 1 148 129 256 342
positive/1613381700.2852108.jpg 1 355 185 333 417
positive/1613381702.0892377.jpg 1 306 216 162 204
positive/1613383622.4226022.jpg 1 311 284 134 180
positive/1613383626.0304306.jpg 1 566 205 158 225
positive/1613383628.2386184.jpg 1 223 283 143 187
positive/1613383635.1222239.jpg 1 383 259 182 242
positive/1613383637.2632155.jpg 1 545 212 163 201
positive/1613383638.4001186.jpg 1 160 204 129 156
positive/1613383639.5990057.jpg 1 272 362 125 152
positive/1613383641.138075.jpg 1 359 302 79 105
positive/1613383642.4739256.jpg 1 293 212 181 241
positive/1613383643.8102236.jpg 1 118 293 116 163
positive/1613383646.8181124.jpg 1 492 348 77 89
positive/1613383661.3572776.jpg 1 323 237 228 272
positive/1613383665.737843.jpg 1 208 220 140 166
positive/1613383669.0970032.jpg 1 452 218 262 291
positive/1613383671.3690479.jpg 1 261 111 152 181
positive/1613383684.224694.jpg 1 288 310 171 195
positive/1613383685.4285278.jpg 1 548 292 128 170
positive/1613383686.4968202.jpg 1 457 286 109 120
positive/1613383690.8403919.jpg 1 257 209 200 234
positive/1613383695.5202901.jpg 1 471 167 207 273
positive/1613383703.6770291.jpg 1 316 324 162 224
positive/1613383704.8760571.jpg 1 541 336 127 198
positive/1613383706.5481622.jpg 1 464 174 147 208
positive/1613383709.755879.jpg 1 266 223 166 193
positive/1613383710.827675.jpg 1 158 239 160 180
positive/1613389667.1911988.jpg 1 148 165 156 195
positive/1613389669.531046.jpg 1 179 140 109 143
positive/1613389670.9351878.jpg 1 449 80 98 155
positive/1613389672.470927.jpg 1 385 222 116 152
positive/1613389675.0110254.jpg 1 150 101 107 126
positive/1613389683.898951.jpg 1 200 165 161 183
positive/1613389685.3023398.jpg 1 393 196 176 184
positive/1613389686.2387836.jpg 1 396 49 164 177
positive/1613389687.5101922.jpg 1 155 95 138 150
positive/1613389688.9785874.jpg 1 180 263 158 150
positive/1613389695.2638364.jpg 1 320 161 109 141
positive/1613389696.0658653.jpg 1 494 165 89 143
positive/1613389697.7336116.jpg 1 450 45 111 149
positive/1613389699.0055964.jpg 1 148 58 93 132
positive/1613389700.541781.jpg 1 85 130 96 155
positive/1613389702.4133801.jpg 1 147 218 143 153
positive/1613389703.5494459.jpg 1 337 240 136 154
positive/1613389705.021594.jpg 1 497 185 87 130
positive/1613389717.6528683.jpg 1 327 172 119 178
positive/1613389720.5246334.jpg 1 81 90 153 197
positive/1613389722.2647634.jpg 1 208 78 164 200
positive/1613389723.6696115.jpg 1 211 264 117 152
positive/1613389729.1489944.jpg 1 129 144 131 168
positive/1613389730.484957.jpg 1 297 162 127 168
positive/1613389735.0963233.jpg 1 363 87 137 166
positive/1613389738.572006.jpg 1 343 40 135 193
positive/1613389740.775726.jpg 1 45 237 162 181
positive/1613389755.4159544.jpg 1 282 302 106 154
positive/1613389757.2885163.jpg 1 420 261 105 148
positive/1613389758.7564685.jpg 1 529 99 102 143
positive/1613389760.6269805.jpg 1 27 127 155 174
positive/1613389762.031017.jpg 1 143 291 134 146
positive/1613389763.2992368.jpg 1 140 19 122 157
positive/1613389766.242962.jpg 1 179 314 90 126
positive/1613389784.8899426.jpg 1 399 274 122 129
positive/1613389786.158131.jpg 1 454 107 98 134
positive/1613389787.2261415.jpg 1 288 144 96 107
positive/1613389790.0338092.jpg 1 102 216 126 122
positive/1613389791.1057703.jpg 1 68 317 125 120
positive/1613389794.9135864.jpg 1 269 51 100 137
positive/1613389795.917923.jpg 1 478 27 141 162
positive/1613392140.7599406.jpg 1 167 163 127 146
positive/1613392141.4923377.jpg 1 421 168 83 139
positive/1613392142.496403.jpg 1 158 44 118 124
positive/1613392143.364479.jpg 1 228 260 103 114
positive/1613392152.5896597.jpg 1 215 262 153 192
positive/1613392153.661825.jpg 1 404 232 130 178
positive/1613392155.9343014.jpg 1 37 189 157 192
positive/1613392156.8022845.jpg 1 144 252 77 107
positive/1613392157.8703704.jpg 1 278 238 83 114
positive/1613392159.1428015.jpg 1 308 75 116 155
positive/1613392160.946901.jpg 1 18 75 139 179
positive/1613392174.6490207.jpg 1 220 39 123 186
positive/1613392176.120848.jpg 1 364 88 108 170
positive/1613392178.060341.jpg 1 461 107 152 214
positive/1613392179.3965654.jpg 1 7 33 150 206
positive/1613392180.6007252.jpg 1 52 15 121 161
positive/1613392183.9410675.jpg 1 43 176 172 219
positive/1613392193.1672113.jpg 1 386 64 182 251
positive/1613392194.3712687.jpg 1 104 29 200 236
positive/1613392196.3067126.jpg 1 323 127 107 132
positive/1613392197.4438682.jpg 1 118 112 126 139
positive/1613392199.9200003.jpg 1 313 300 123 124
positive/1613392201.4553797.jpg 1 135 310 169 153
positive/1613392202.3923936.jpg 1 299 318 145 120
positive/1613392218.1014.jpg 1 140 163 136 181
positive/1613392219.369628.jpg 1 385 126 90 154
positive/1613392226.2543921.jpg 1 376 274 100 108
positive/1613392227.3264465.jpg 1 250 267 73 96
positive/1613392228.3274999.jpg 1 432 223 62 87
positive/1613392229.4636815.jpg 1 408 69 68 74
positive/1613392231.5349894.jpg 1 465 162 98 128
positive/1613392233.9441416.jpg 1 158 253 93 106
positive/1613392235.4123645.jpg 1 169 260 126 147
positive/1613392236.4844675.jpg 1 242 84 103 153
positive/1613392237.5517542.jpg 1 155 156 80 96
positive/1613392251.790161.jpg 1 190 154 98 108
positive/1613392253.2614954.jpg 1 342 164 87 114
positive/1613392254.4656303.jpg 1 324 236 109 132
positive/1613392255.4657545.jpg 1 78 239 111 131
positive/1613392267.163031.jpg 1 255 232 117 161
positive/1613392268.504074.jpg 1 89 186 125 172
positive/1613392269.7725067.jpg 1 285 119 110 143
positive/1613392270.975375.jpg 1 421 121 103 154
positive/1613392273.6492572.jpg 1 352 109 161 212
positive/1613392274.9838178.jpg 1 191 97 261 324
positive/1613392276.1209776.jpg 1 143 230 104 135
positive/1613392287.9542313.jpg 1 43 190 154 185
positive/1613392289.1572745.jpg 1 377 156 99 178
positive/1613392290.4256327.jpg 1 320 158 147 218
positive/1613392291.4985433.jpg 1 405 29 158 245
positive/1613392293.7027397.jpg 1 62 147 129 168
positive/1613392296.9791093.jpg 1 310 279 151 193
positive/1613392302.9304516.jpg 1 274 352 59 79
positive/1613392304.0629082.jpg 1 330 234 76 96
positive/1613392319.5532446.jpg 1 95 35 203 246
positive/1613392322.2527492.jpg 1 64 58 129 153
positive/1613392327.9291866.jpg 1 367 198 86 118
positive/1613392329.0182586.jpg 1 402 193 65 94
positive/1613392330.2658076.jpg 1 332 82 115 163
positive/1613392332.5737128.jpg 1 312 311 113 139
positive/1613392334.317821.jpg 1 151 304 92 130
positive/1613392335.9629066.jpg 1 534 183 106 159
positive/1613392337.7749863.jpg 1 452 90 103 137
positive/1613392349.6760507.jpg 1 310 144 109 150
positive/1613392350.663337.jpg 1 43 115 136 181
positive/1613392351.7205865.jpg 1 63 95 104 137
positive/1613392353.036591.jpg 1 416 107 95 147
positive/1613392354.2204912.jpg 1 419 168 156 204
positive/1613392355.307723.jpg 1 152 204 178 220
positive/1613392356.3607113.jpg 1 152 137 112 139
positive/1613392376.8777728.jpg 1 215 205 68 95
positive/1613392377.5346239.jpg 1 383 162 76 94
positive/1613392378.2258012.jpg 1 551 84 85 113
positive/1613392378.9509497.jpg 1 396 45 102 132
positive/1613392379.7109253.jpg 1 305 243 92 124
positive/1613392380.5308042.jpg 1 521 230 82 121
positive/1613392381.6822226.jpg 1 73 162 97 135
positive/1613392382.5071619.jpg 1 97 329 91 124
positive/1613392383.8584383.jpg 1 117 64 113 125
positive/1613392391.1348817.jpg 1 114 142 136 180
positive/1613392391.958932.jpg 1 338 145 128 157
positive/1613392392.5838082.jpg 1 390 111 162 198
positive/1613392393.5710862.jpg 1 11 90 188 213
positive/1613392395.151524.jpg 1 16 57 123 147
positive/1613392404.372914.jpg 1 168 213 116 137
positive/1613392405.8201458.jpg 1 196 156 93 99
positive/1613392406.5131178.jpg 1 19 215 88 120
positive/1613392407.4371417.jpg 1 222 162 143 170
positive/1613392408.124232.jpg 1 420 97 152 180
positive/1613392408.8162773.jpg 1 232 7 190 237
positive/1613392409.5093038.jpg 1 59 203 198 226
positive/1613392410.2684453.jpg 1 80 161 132 164
positive/1613392410.9565594.jpg 1 3 257 87 130
positive/1613392411.8814363.jpg 1 312 255 112 146
positive/1613392430.4870062.jpg 1 80 199 141 174
positive/1613392431.4061112.jpg 1 344 251 136 136
positive/1613392432.1302557.jpg 1 473 220 122 147
positive/1613392432.727448.jpg 1 274 110 112 127
positive/1613392433.3513434.jpg 1 99 106 121 121
positive/1613392434.0768995.jpg 1 212 281 128 139
positive/1613392434.7665536.jpg 1 19 183 108 128
positive/1613392436.0194128.jpg 1 517 317 118 148
positive/1613392436.839749.jpg 1 437 152 117 135
positive/1613392437.6636364.jpg 1 381 49 122 146
positive/1613392438.7196815.jpg 1 285 192 124 130
positive/1613392450.472551.jpg 1 162 225 153 224
positive/1613392451.2647324.jpg 1 212 278 95 143
positive/1613392452.1517522.jpg 1 54 291 93 113
positive/1613392453.2088914.jpg 1 154 77 158 221
positive/1613392454.3241248.jpg 1 450 35 164 252
positive/1613392455.872939.jpg 1 19 90 164 178
positive/1613392456.6962802.jpg 1 233 94 165 215
positive/1613392458.245196.jpg 1 145 275 147 191
positive/1613392463.8766873.jpg 1 214 241 148 216
positive/1613392464.5696576.jpg 1 193 60 145 202
positive/1613392465.0607738.jpg 1 1 23 119 195
positive/1613392466.14986.jpg 1 319 136 119 190
positive/1613392466.8729703.jpg 1 282 193 147 211
positive/1613392467.6978374.jpg 1 59 75 174 218
positive/1613392469.7087839.jpg 1 414 150 154 208
positive/1613392472.5373435.jpg 1 387 25 224 292
positive/1613392497.1640413.jpg 1 207 290 105 138
positive/1613392498.0321264.jpg 1 210 225 134 174
positive/1613392499.303348.jpg 1 30 194 135 164
positive/1613392500.9083307.jpg 1 424 129 127 177
positive/1613392502.0449553.jpg 1 158 28 134 152
positive/1613392503.2476237.jpg 1 216 321 106 136
positive/1613392514.6084669.jpg 1 209 241 127 157
positive/1613392515.145365.jpg 1 23 246 127 144
positive/1613392516.0806003.jpg 1 25 219 77 106
positive/1613392517.0176497.jpg 1 115 55 111 150
positive/1613392518.0847197.jpg 1 331 96 94 140
positive/1613392519.0212104.jpg 1 270 39 147 198
positive/1613392521.2219172.jpg 1 425 209 183 235
positive/1613392522.0458803.jpg 1 182 231 176 198
